1675527354594 22.80908203125 0
1675527354650 21.832286834716797 1
1675527354699 20.92376136779785 2
1675527354748 20.019411087036133 3
1675527355291 19.27677345275879 4
1675527355337 18.4511775970459 5
1675527355383 17.615402221679688 6
1675527355444 16.83571434020996 7
1675527355504 16.027734756469727 8
1675527355550 15.219635963439941 9
1675527355593 14.434032440185547 10
1675527355641 13.689054489135742 11
1675527355699 12.953329086303711 12
1675527355748 12.296280860900879 13
1675527355810 11.630252838134766 14
1675527355878 10.974364280700684 15
1675527355920 10.292193412780762 16
1675527355981 9.640251159667969 17
1675527356031 8.99311351776123 18
1675527356080 8.347367286682129 19
1675527356143 7.734381198883057 20
1675527356188 7.11339807510376 21
1675527356234 6.502957820892334 22
1675527356298 5.910068511962891 23
1675527356340 5.372006893157959 24
1675527356388 4.8295722007751465 25
1675527356448 4.360673904418945 26
1675527356514 3.8965742588043213 27
1675527356556 3.547471523284912 28
1675527356623 3.22725772857666 29
1675527356670 2.991844415664673 30
1675527356729 2.858365774154663 31
1675527356791 2.73753023147583 32
1675527356852 2.6216976642608643 33
1675527356898 2.553219795227051 34
1675527356952 2.5358192920684814 35
1675527357002 2.5103023052215576 36
1675527357072 2.5054738521575928 37
1675527357123 2.505458116531372 38
1675527357171 2.504026412963867 39
1675527357216 2.487535238265991 40
1675527357282 2.4691905975341797 41
1675527357339 2.5117568969726562 42
1675527357383 2.491107940673828 43
1675527357433 2.469115734100342 44
1675527357493 2.4771573543548584 45
1675527357551 2.4797770977020264 46
1675527357597 2.486389398574829 47
1675527357646 2.4705545902252197 48
1675527357701 2.4693639278411865 49
1675527357763 2.4933106899261475 50
1675527357825 2.473646879196167 51
1675527357873 2.4766314029693604 52
1675527357920 2.475630283355713 53
1675527357982 2.4621164798736572 54
1675527358027 2.467081069946289 55
1675527358080 2.492915391921997 56
1675527358147 2.497279405593872 57
1675527358191 2.521451950073242 58
1675527358255 2.611816167831421 59
1675527358298 2.5140764713287354 60
1675527358360 2.4971187114715576 61
1675527358424 2.476320266723633 62
1675527358482 2.4751415252685547 63
1675527358528 2.5066046714782715 64
1675527358582 2.481761932373047 65
1675527358647 2.4649994373321533 66
1675527358709 2.471872329711914 67
1675527358758 2.478940486907959 68
1675527358817 2.4721763134002686 69
1675527358863 2.477790594100952 70
1675527358925 2.4763236045837402 71
1675527358988 2.4896774291992188 72
1675527359048 2.467186212539673 73
1675527359110 2.5346171855926514 74
1675527359153 2.5577235221862793 75
1675527359216 2.6005237102508545 76
1675527359282 2.5007479190826416 77
1675527359344 2.4903624057769775 78
1675527359405 2.513303279876709 79
1675527359467 2.4711272716522217 80
1675527359515 2.487779140472412 81
1675527359587 2.4739301204681396 82
1675527359744 2.483632802963257 83
1675527359950 2.5014848709106445 84
1675527360012 2.4788460731506348 85
1675527360080 2.491304397583008 86
1675527360128 2.5521862506866455 87
1675527360198 2.6057932376861572 88
1675527360259 2.4667983055114746 89
1675527360324 2.4905407428741455 90
1675527360386 2.5110621452331543 91
1675527360440 2.5012731552124023 92
1675527360502 2.481487512588501 93
1675527360551 2.46885347366333 94
1675527360600 2.49440598487854 95
1675527360648 2.4697630405426025 96
1675527360713 2.4701125621795654 97
1675527360773 2.4869625568389893 98
1675527360825 2.462874174118042 99
