1675527375956 22.78858757019043 0
1675527376005 22.015073776245117 1
1675527376049 21.14686393737793 2
1675527376129 20.148611068725586 3
1675527376211 18.8677921295166 4
1675527376295 17.270715713500977 5
1675527376357 15.26363468170166 6
1675527376424 13.10333251953125 7
1675527376506 10.848298072814941 8
1675527376566 8.636698722839355 9
1675527376619 7.099323749542236 10
1675527376686 6.1989850997924805 11
1675527376741 5.520581245422363 12
1675527376808 4.882348537445068 13
1675527376859 4.382491588592529 14
1675527376904 3.952730655670166 15
1675527376965 3.5656049251556396 16
1675527377017 3.266542911529541 17
1675527377083 3.045424222946167 18
1675527377144 2.819133758544922 19
1675527377210 2.6832351684570312 20
1675527377265 2.5285749435424805 21
1675527377314 2.418552875518799 22
1675527377365 2.3153555393218994 23
1675527377414 2.234469413757324 24
1675527377463 2.182086944580078 25
1675527377524 2.129185438156128 26
1675527377571 2.0872440338134766 27
1675527377626 2.0460453033447266 28
1675527377688 2.030366897583008 29
1675527377747 2.002042293548584 30
1675527377815 1.9805071353912354 31
1675527377864 1.9770898818969727 32
1675527377919 1.941341519355774 33
1675527377970 1.939644455909729 34
1675527378035 1.9195895195007324 35
1675527378083 1.907163381576538 36
1675527378132 1.8924250602722168 37
1675527378194 1.884734034538269 38
1675527378257 1.8910411596298218 39
1675527378324 1.8764399290084839 40
1675527378370 1.8613263368606567 41
1675527378418 1.8562616109848022 42
1675527378487 1.848230004310608 43
1675527378536 1.8405829668045044 44
1675527378580 1.8325564861297607 45
1675527378631 1.8221815824508667 46
1675527378701 1.8244943618774414 47
1675527378769 1.8209056854248047 48
1675527378819 1.8290655612945557 49
1675527378869 1.8149436712265015 50
1675527378927 1.8179749250411987 51
1675527378992 1.7869360446929932 52
1675527379050 1.782261610031128 53
1675527379108 1.7875558137893677 54
1675527379165 1.7790855169296265 55
1675527379233 1.7643612623214722 56
1675527379288 1.759360909461975 57
1675527379339 1.756990909576416 58
1675527379399 1.7477267980575562 59
1675527379462 1.7507190704345703 60
1675527379529 1.7531442642211914 61
1675527379577 1.7554655075073242 62
1675527379621 1.730777621269226 63
1675527379677 1.747686743736267 64
1675527379742 1.7170116901397705 65
1675527379789 1.7170155048370361 66
1675527379835 1.7163803577423096 67
1675527379902 1.697117805480957 68
1675527379951 1.711283564567566 69
1675527380005 1.6908507347106934 70
1675527380074 1.6992008686065674 71
1675527380140 1.7128666639328003 72
1675527380185 1.6783515214920044 73
1675527380236 1.6782426834106445 74
1675527380302 1.6832680702209473 75
1675527380372 1.6795412302017212 76
1675527380457 1.6628252267837524 77
1675527380535 1.6927833557128906 78
1675527380583 1.6605124473571777 79
1675527380644 1.6826834678649902 80
1675527380694 1.672424077987671 81
1675527380747 1.6453920602798462 82
1675527380800 1.6577324867248535 83
1675527380868 1.636986494064331 84
1675527380926 1.6483526229858398 85
1675527380978 1.652435064315796 86
1675527381045 1.6442463397979736 87
1675527381127 1.6656142473220825 88
1675527381199 1.6311166286468506 89
1675527381263 1.6167038679122925 90
1675527381311 1.6135303974151611 91
1675527381363 1.609763503074646 92
1675527381415 1.6066962480545044 93
1675527381468 1.6190252304077148 94
1675527381535 1.6048725843429565 95
1675527381597 1.5854297876358032 96
1675527381649 1.5974698066711426 97
1675527381705 1.5929332971572876 98
1675527381771 1.6172478199005127 99
