1675527409883 23.096210479736328 0
1675527409949 22.518630981445312 1
1675527410010 21.888662338256836 2
1675527410101 21.14483642578125 3
1675527410159 20.191396713256836 4
1675527410230 18.989864349365234 5
1675527410298 17.389232635498047 6
1675527410400 15.495406150817871 7
1675527410461 13.364509582519531 8
1675527410537 10.936144828796387 9
1675527410602 8.364642143249512 10
1675527410685 6.628692150115967 11
1675527410749 5.5482258796691895 12
1675527410813 4.710916042327881 13
1675527410880 4.105989456176758 14
1675527410948 3.693176031112671 15
1675527411004 3.3043859004974365 16
1675527411063 3.032640218734741 17
1675527411113 2.8357152938842773 18
1675527411165 2.730353593826294 19
1675527411218 2.6783201694488525 20
1675527411286 2.598761796951294 21
1675527411345 2.5152409076690674 22
1675527411393 2.4741318225860596 23
1675527411446 2.3937184810638428 24
1675527411518 2.38666033744812 25
1675527411562 2.353632926940918 26
1675527411618 2.3015167713165283 27
1675527411670 2.2638370990753174 28
1675527411730 2.1951849460601807 29
1675527411789 2.1775550842285156 30
1675527411859 2.155862331390381 31
1675527411924 2.1285293102264404 32
1675527411972 2.106367588043213 33
1675527412024 2.116612434387207 34
1675527412073 2.0803215503692627 35
1675527412135 2.0979413986206055 36
1675527412180 2.0483646392822266 37
1675527412245 2.0391035079956055 38
1675527412294 2.0451583862304688 39
1675527412340 2.040179967880249 40
1675527412402 2.010049343109131 41
1675527412447 1.9933409690856934 42
1675527412491 1.9916411638259888 43
1675527412552 1.9896783828735352 44
1675527412635 1.9903157949447632 45
1675527412694 1.9908037185668945 46
1675527412745 1.9851176738739014 47
1675527412802 1.972174048423767 48
1675527412852 1.9967130422592163 49
1675527412901 1.9661673307418823 50
1675527412975 1.980504035949707 51
1675527413043 1.9820375442504883 52
1675527413107 1.9271856546401978 53
1675527413165 1.9323114156723022 54
1675527413214 1.9510060548782349 55
1675527413277 1.934160828590393 56
1675527413331 1.92678964138031 57
1675527413379 1.948082685470581 58
1675527413445 1.9122074842453003 59
1675527413492 1.9300386905670166 60
1675527413542 1.9387242794036865 61
1675527413591 1.9164403676986694 62
1675527413632 1.9034062623977661 63
1675527413697 1.9038587808609009 64
1675527413763 1.897188663482666 65
1675527413837 1.891706109046936 66
1675527413906 1.8766777515411377 67
1675527413973 1.894729733467102 68
1675527414042 1.8796037435531616 69
1675527414086 1.8759593963623047 70
1675527414146 1.8806414604187012 71
1675527414195 1.8631387948989868 72
1675527414265 1.8728209733963013 73
1675527414344 1.8614057302474976 74
1675527414395 1.8691524267196655 75
1675527414452 1.8564844131469727 76
1675527414512 1.858256459236145 77
1675527414563 1.858350396156311 78
1675527414613 1.86320161819458 79
1675527414683 1.8506428003311157 80
1675527414749 1.8362376689910889 81
1675527414820 1.8727552890777588 82
1675527414873 1.8576663732528687 83
1675527414945 1.8726567029953003 84
1675527415001 1.8629597425460815 85
1675527415070 1.8260999917984009 86
1675527415136 1.8387418985366821 87
1675527415181 1.8441640138626099 88
1675527415229 1.841817021369934 89
1675527415278 1.872431993484497 90
1675527415325 1.8574585914611816 91
1675527415394 1.8166532516479492 92
1675527415463 1.8417803049087524 93
1675527415510 1.8284574747085571 94
1675527415564 1.8152722120285034 95
1675527415615 1.8204818964004517 96
1675527415661 1.8401447534561157 97
1675527415710 1.8173280954360962 98
1675527415774 1.7999781370162964 99
