1675527395465 22.7987117767334 0
1675527395543 22.124752044677734 1
1675527395631 21.387958526611328 2
1675527395725 20.483888626098633 3
1675527395799 19.359331130981445 4
1675527395870 17.905418395996094 5
1675527395937 16.240928649902344 6
1675527396004 14.389052391052246 7
1675527396063 12.26113510131836 8
1675527396128 9.486349105834961 9
1675527396187 6.458669185638428 10
1675527396245 4.6233062744140625 11
1675527396315 3.924887180328369 12
1675527396387 3.4662282466888428 13
1675527396470 2.9615824222564697 14
1675527396535 2.813640832901001 15
1675527396603 2.70271372795105 16
1675527396662 2.593747615814209 17
1675527396725 2.501883029937744 18
1675527396777 2.4533185958862305 19
1675527396844 2.357494592666626 20
1675527396909 2.3188974857330322 21
1675527396962 2.2479984760284424 22
1675527397027 2.234830617904663 23
1675527397093 2.1908071041107178 24
1675527397144 2.152338981628418 25
1675527397200 2.114705801010132 26
1675527397266 2.091726064682007 27
1675527397337 2.093996047973633 28
1675527397426 2.0329091548919678 29
1675527397474 2.0301315784454346 30
1675527397544 2.028588056564331 31
1675527397601 2.012934684753418 32
1675527397667 1.998456358909607 33
1675527397738 1.9861109256744385 34
1675527397821 1.9772905111312866 35
1675527397896 1.9762901067733765 36
1675527398000 1.9855754375457764 37
1675527398063 1.9526766538619995 38
1675527398144 1.9224185943603516 39
1675527398249 1.9129685163497925 40
1675527398316 1.9015849828720093 41
1675527398384 1.9030174016952515 42
1675527398452 1.8860464096069336 43
1675527398513 1.8896135091781616 44
1675527398577 1.8978036642074585 45
1675527398629 1.8793315887451172 46
1675527398680 1.8642981052398682 47
1675527398753 1.8536500930786133 48
1675527398811 1.8613511323928833 49
1675527398876 1.8382699489593506 50
1675527398940 1.8485486507415771 51
1675527399005 1.931368112564087 52
1675527399069 1.861103892326355 53
1675527399134 1.8407707214355469 54
1675527399211 1.8225409984588623 55
1675527399272 1.8219826221466064 56
1675527399344 1.8357704877853394 57
1675527399423 1.855736494064331 58
1675527399488 1.837715744972229 59
1675527399554 1.8164058923721313 60
1675527399639 1.805802822113037 61
1675527399707 1.8141261339187622 62
1675527399775 1.798907995223999 63
1675527399833 1.7901122570037842 64
1675527399901 1.7996858358383179 65
1675527399961 1.804731011390686 66
1675527400030 1.8357595205307007 67
1675527400084 1.8414041996002197 68
1675527400153 1.8144876956939697 69
1675527400214 1.7718188762664795 70
1675527400274 1.7591217756271362 71
1675527400334 1.765427827835083 72
1675527400406 1.7560232877731323 73
1675527400457 1.7719335556030273 74
1675527400528 1.7607585191726685 75
1675527400586 1.7764848470687866 76
1675527400655 1.806701898574829 77
1675527400725 1.7503817081451416 78
1675527400789 1.7438170909881592 79
1675527400839 1.7371150255203247 80
1675527400902 1.7374762296676636 81
1675527400966 1.7365299463272095 82
1675527401035 1.7448246479034424 83
1675527401106 1.7513262033462524 84
1675527401157 1.7299296855926514 85
1675527401228 1.772396206855774 86
1675527401301 1.7347339391708374 87
1675527401364 1.738355040550232 88
1675527401437 1.7582054138183594 89
1675527401504 1.72763192653656 90
1675527401566 1.7160944938659668 91
1675527401622 1.7396888732910156 92
1675527401688 1.736379861831665 93
1675527401759 1.719347596168518 94
1675527401821 1.7157260179519653 95
1675527401884 1.7106117010116577 96
1675527401952 1.7229387760162354 97
1675527402022 1.714095950126648 98
1675527402093 1.7120132446289062 99
